$ 1 0.000005 10.20027730826997 50 5 50 5e-11
R 128 144 64 144 0 2 80 0.234375 1.175875 0 0.5
r 128 144 208 144 0 15000
r 208 144 272 144 0 15000
a 272 160 368 160 9 15 -15 1000000 1.4102359233602608 1.410249999999991 100000
a 528 176 656 176 9 15 -15 1000000 1.4076339628150165 1.407663969066675 100000
r 416 160 464 160 0 15000
r 464 160 528 160 0 15000
c 208 144 208 208 4 1e-9 1.4102499999999947 0.001 0
c 464 160 464 208 4 1e-9 1.4076639692850612 0.001 0
c 272 144 272 80 4 1e-9 1.410249999999991 0.001 0
c 528 160 528 80 4 1e-9 1.407663969066675 0.001 0
g 528 80 528 48 0 0
g 272 80 272 48 0 0
g 464 208 464 256 0 0
g 208 208 208 256 0 0
174 240 240 240 304 1 100000 0.33170000000000005 Resistance
174 528 256 608 240 1 20000 0.6584000000000001 Resistance
w 576 240 624 240 0
w 624 240 624 256 0
w 256 272 272 272 0
r 272 272 272 224 0 1000000
r 272 224 368 224 0 1000
w 272 176 272 224 0
w 368 224 368 160 0
w 528 192 528 256 0
w 656 256 656 176 0
r 528 256 528 304 0 100000
r 656 256 624 256 0 100000
r 656 176 672 176 0 1000
R 528 304 528 352 0 0 40 0 0 0 0.5
R 240 304 240 352 0 0 40 -12 0 0 0.5
R 240 240 240 192 0 0 40 12 0 0 0.5
O 672 176 720 176 1 0
174 368 64 448 64 1 100000 0.5990000000000001 Resistance
c 416 48 416 0 4 1e-9 1.4076639708451721 0.001 0
g 416 0 416 -16 0 0
w 368 64 368 160 0
w 416 160 464 64 0
o 32 64 0 12290 3.000625174143843 0.0001 0 1
