$ 1 0.000005 10.20027730826997 50 5 50 5e-11
R 128 144 64 144 0 2 40 0.234375 1.175875 0 0.5
r 128 144 208 144 0 15000
r 208 144 272 144 0 15000
a 272 160 368 160 9 15 -15 1000000 1.4102359233602608 1.410249999999991 100000
a 480 176 608 176 9 15 -15 1000000 1.4076339667693094 1.4076639730210525 100000
r 368 160 416 160 0 15000
r 416 160 480 160 0 15000
c 208 144 208 208 4 1e-9 1.4102499999999947 0.001 0
c 416 160 416 208 4 1e-9 1.4076639730210538 0.001 0
c 272 144 272 80 4 1e-9 1.410249999999991 0.001 0
c 480 160 480 80 4 1e-9 1.4076639730210525 0.001 0
g 480 80 480 48 0 0
g 272 80 272 48 0 0
g 416 208 416 256 0 0
g 208 208 208 256 0 0
174 240 240 240 304 1 100000 0.33170000000000005 Resistance
174 480 256 560 240 1 20000 0.6584000000000001 Resistance
w 528 240 576 240 0
w 576 240 576 256 0
w 256 272 272 272 0
r 272 272 272 224 0 1000000
r 272 224 368 224 0 1000
w 272 176 272 224 0
w 368 224 368 160 0
w 480 192 480 256 0
w 608 256 608 176 0
r 480 256 480 304 0 100000
r 608 256 576 256 0 100000
r 608 176 624 176 0 1000
R 480 304 480 352 0 0 40 0 0 0 0.5
R 240 304 240 352 0 0 40 -12 0 0 0.5
R 240 240 240 192 0 0 40 12 0 0 0.5
O 624 176 672 176 1 0
o 32 64 0 12290 3.0006251742828085 0.0001 0 1
